179.229
134.189
75.5
.142
178.78
210.139
247.190
4.7
136.191
5.81
.257
.14
72.
233.
1.1
211.80
.230
214.256
8.11
11.145
85.87
142.19
73.138
180.141
76.6
.295
133.2
138.275
79.192
182.232
80.12
6.143
133.233
.231
256.
215.193
137.83
77.288
181.255
.300
135.254
.294
139.259
12.146
83.15
216.194
236.236
16.92
143.91
258.
217.
.18
.86
.24
.93
.198
.22
250.278
237.261
.296
.289
24.29
188.262
146.28
220.242
218.240
93.154
28.31
191.202
189.201
148.97
241.263
.282
.241
267.264
97.100
30.34
150.203
251.
25.30
95.155
94.19
90.26
.149
.197
238.
268.
89.
144.
.150
.301
185.196
21.
145.238
239.279
187.297
240.152
26.281
147.96
219.
235.
15.
88.
.90
.237
.258
.234
84.16
18.21
259.276
249.260
212.274
2.4
74.79
213.8
234.82
248.9
257.85
9.144
140.235
141.89
13.147
87.195
17.20
265.148
270.277
20.25
.151
260.95
94.93
29.33
98.101
152.158
.290
.205
.243
.204
.265
266
186.239
22.200
.280
91.27
92.199
23.
.23
190.153
27.99
149.32
.156
96.
151.
221.
31.35
252.206
154.104
261.160
100.
35.36
224.109
193.
184.
14.17
88.86
82.
7.10
81.
10.13
.84
3.
255.
78.
.3
39.43
157.267
262.298
.291
101.41
37.106
.283
.161
.245
.46
162.210
45.167
225.113
195.
106.
40.44
159.247
242.284
223.108
269.
227.212
108.50
54.55
202.
52.54
166.119
50.52
116.126
57.60
.292
172.
207.
230.223
66.183
.253
70.75
.137
.76
170.
206.
114.58
204.216
56.124
120.177
173.131
62.66
.224
126.135
132.
71.226
232.
.77
67.71
129.135
.221
123.130
65.69
174.134
130.186
.287
171.208
122.130
.250
157.122
201.214
226.172
169.176
117.128
58.61
115.215
122.130
104.112
42.47
158.163
46.116
.249
110.53
43.166
194.246
163.286
200.
113.
51.120
99.157
.207
36.39
222.
192.102
153.
156.266
102.110
197.209
47.169
161.165
109.117
48.51
107.115
165.171
198.104
38.42
160.48
198.164
38.42
32.36
.105
.244
.40
.103
33.
.159
.203
34.37
155.107
263.162
103.45
196.235
253.248
41.111
.114
.168
49.
44.49
199.118
164.170
105.211
243.268
164.170
228.
199.118
112.57
.269
.175
.125
205.218
55.56
168.
111.173
53.121
229.213
203.59
59.127
118.62
121.65
.179
131.138
64.61
124.67
.270
.72
.252
175.134
231.272
63.68
128.136
209.227
177.187
68.73
244.251
60.63
.220
119.129
64.133
125.70
.182
69.74
176.
127.225
245.131
.293
.222
.73
.273
.228
.299
.131
.271
.225
.132
.219
.178
.217
.123
.174